Two failures in this CI run: https://concourse.apachegeode-ci.info/teams/main/pipelines/apache-develop-main/jobs/DistributedTestOpenJDK8/builds/106:

{code:java}
org.apache.geode.internal.cache.wan.serial.SerialWANStatsDUnitTest > testReplicatedSerialPropagationHAWithGroupTransactionEvents FAILED
    org.apache.geode.test.dunit.RMIException: While invoking org.apache.geode.internal.cache.wan.serial.SerialWANStatsDUnitTest$$Lambda$151/1201663250.run in VM 2 running on Host d2642cb6ec08 with 8 VMs
        at org.apache.geode.test.dunit.VM.executeMethodOnObject(VM.java:631)
        at org.apache.geode.test.dunit.VM.invoke(VM.java:448)
        at org.apache.geode.internal.cache.wan.serial.SerialWANStatsDUnitTest.testReplicatedSerialPropagationHAWithGroupTransactionEvents(SerialWANStatsDUnitTest.java:757)

        Caused by:
00, 899000, 665100, 587000, 518100, 721000, 623100, 551000, 592000, 182100, 779100, 164100, 5104300, 5326300, 297000, 31100, 843000, 910100, 992000, 456100, 190100, 982100, 5517300, 815000, 5411200, 1093000, 657100, 870100, 5210300, 176100, 5065200, 294100, 5521300, 1034000, 570100, 5257200, 827000, 5535200, 77100, 862000, 5419300, 255100, 681000, 348100, 5423200, 5194300, 5416300, 5554200, 5392300, 711000, 857100, 320100, 5449200, 5348300, 5004200, 426100, 1110000, 5487200, 787000, 884000, 5216200, 5560200, 580100, 861000, 425000, 799100, 5553200, 972100, 5114200, 271000, 5000200, 243000, 172100, 5561200, 262000, 1091100, 477100, 750000, 109000, 5431300, 980100, 5237300, 5308300, 5150200, 689000, 207000, 446100, 805100, 5111200, 9000, 111100, 5534300, 536100, 5062300, 1082000, 5397200, 798100, 5308200, 553000, 5374300, 703000, 160100, 5560300, 38100, 4100, 678100, 1113100, 973000, 5558300, 5175200, 5188200, 212100, 1007000, 1104000, 467100, 5540200, 809000, 810100, 1106100, 1077100, 69100, 5143200, 776100, 5396200, 113100, 181000, 1094100, 883100, 542100, 5031200, 147100, 481000, 353000, 1050100, 219100, 4000, 576000, 393000, 248100, 5508200, 1012000, 380100, 5166300, 894100, 5398200, 510100, 798000, 5066200, 5189200, 390000, 832000, 5377200, 5022300, 311100, 1017100, 383100, 5401200, 266000, 966100, 231000, 5382300, 778000, 276100, 5320300, 529100, 496100, 5256200, 860100, 5360300, 1055100, 5250200, 609100, 553100, 5259300, 5089300, 430000, 5565200, 579100, 1065000, 424000, 622100, 157000, 847100, 80100, 5460200, 5124300, 101000, 898100, 5292300, 482100, 5553300, 1074100, 5499300, 554000, 5352200, 5039300, 2000, 667000, 376000, 5143300, 753100, 466000, 5064300, 5006200, 5174200, 744100, 937000, 5145200, 71100, 351100, 5289200, 206100, 805000, 5493200, 431000, 378100, 333100, 5118200, 103100, 462000, 5527200, 5255200, 5033200, 56100, 521100, 8100, 5555300, 42000, 331100, 5439200, 680000, 801100, 65100, 5207300, 479000, 792100, 5004300, 5171300, 318000, 681100, 619100, 955100, 903000, 72000, 5292200, 1044000, 1023100, 323000, 5353300, 558000, 544100, 265000, 5018200, 5340300, 751100, 607000, 582000, 465100, 253100, 935100, 174100, 5043300, 537100, 178000, 1127100, 88100, 661100, 5402200, 30000, 958100, 49000, 96100, 979000, 5081300, 5075300, 5206300, 84000, 5154200, 1057100, 5409300, 62000, 506000, 1107100, 5022200, 921000, 448100, 1004100, 427100, 829000, 1107000, 244000, 414000, 74100, 409000, 833100, 770000, 51000, 5113300, 908100, 5312300, 5263300, 5148300, 138100, 336100, 1081000, 5365300, 151000, 165000, 759000, 752000, 190000, 5460300, 685000, 298100, 566100, 877100, 460000, 5108300, 377100, 710000, 750100, 95100, 228100, 5116300, 522100, 5110200, 450000, 640000, 5086200, 683000, 348000, 305000, 797100, 180000, 636000, 5494300, 634100, 1072000, 5323200, 737100, 861100, 5426300, 687100, 699100, 684000, 1046100, 332000, 428100, 5498300, 141000, 5088200, 154000, 896000, 1040100, 5182200, 5231300, 5140300, 5259200, 5253300, 1043000, 629100, 365100, 496000, 5490200, 184000, 37000, 5366300, 121100, 5367200, 1102100, 5541200, 534000, 5361200, 1053000, 98100, 5307300, 425100, 5534200, 974000, 847000, 361100, 326000, 5387200, 951000, 381000, 5083300, 768000, 5346200, 1086100, 946100, 411100, 5293200, 52100, 5383200, 1122100, 5297200, 238100, 5027200, 791000, 222000, 692100, 5566300, 563100, 5265200, 5195200, 280000, 321000, 5197200, 974100, 136100, 1027100, 531100, 267000, 5087200, 5399200, 963100, 152100, 737000, 328000, 1067100, 389100, 958000, 398000, 5241200, 94000, 480100, 320000, 5321200, 5300200, 257100, 420000, 5336300, 507000, 5322300, 782100, 81000, 454000, 16100, 169000, 790000, 487000, 5350200, 67000, 187000, 108000, 5378300, 5091300, 627000, 977100, 641100, 5410200, 5252200, 317100, 775100, 5437200, 5169300, 5275200, 5171200, 250000, 5418300, 1062000, 5393300, 356000, 268000, 703100, 557000, 5173200, 717000, 428000, 76100, 359000, 41000, 5093300, 5427200, 78100, 278000, 1045000, 5193300, 5561300, 680100, 5404200, 1020100, 101100, 5425200, 79100, 5418200, 191100, 5291200, 295100, 927000, 5069300, 453000, 466100, 160000, 5015200, 5489200, 5348200, 5058300, 306100, 5330200, 5229300, 565100, 5185200, 5342200, 414100, 5020300, 5468300, 950100, 304100, 463100, 840100, 1125100, 5044300, 280100, 229100, 1005100, 849100, 539100, 727000, 364000, 5102300, 1079000, 957000, 1131000, 1063000, 231100, 34100, 628000, 5267300, 5183200, 150100, 36000, 459000, 478000, 5092200, 786000, 509100, 303100, 5362200, 5057300, 1023000, 1132000, 1085000, 5495200, 781100, 442000, 5295300, 903100, 538000, 476000, 105100, 67100, 319000, 5531300, 561100, 5281200, 5039200, 615100, 1130100, 1059000, 5152300, 1030100, 1000, 584100, 5547300, 632000, 438100, 5340200, 308000, 5214300, 948100, 822000, 1035100, 651100, 5093200, 649000, 45000, 189100, 1099100, 844100, 5268200, 5425300, 5404300, 930000, 5450200, 5074200] expected:<20000> but was:<3409> within 5 minutes.
            at org.awaitility.core.ConditionAwaiter.await(ConditionAwaiter.java:165)
            at org.awaitility.core.AssertionCondition.await(AssertionCondition.java:119)
            at org.awaitility.core.AssertionCondition.await(AssertionCondition.java:31)
            at org.awaitility.core.ConditionFactory.until(ConditionFactory.java:895)
            at org.awaitility.core.ConditionFactory.untilAsserted(ConditionFactory.java:679)
            at org.apache.geode.internal.cache.wan.WANTestBase.validateRegionSize(WANTestBase.java:2920)
            at org.apache.geode.internal.cache.wan.serial.SerialWANStatsDUnitTest.lambda$testReplicatedSerialPropagationHAWithGroupTransactionEvents$bb17a952$8(SerialWANStatsDUnitTest.java:757)

            Caused by:
, 5441300, 552000, 440000, 968000, 1113000, 398100, 416000, 1076000, 5481200, 5138200, 192000, 5567300, 5156200, 5144300, 397000, 1011100, 5524300, 5424300, 288000, 33000, 520100, 5434300, 927100, 327000, 1060000, 5179200, 915000, 5291300, 5182300, 1040000, 5129200, 1009100, 851100, 845000, 5092300, 394000, 809100, 290100, 102100, 747100, 586100, 487100, 932000, 24000, 1024000, 5438200, 838100, 751000, 5477200, 881000, 249000, 939100, 5374200, 5107300, 5102200, 173000, 5011300, 241000, 5094200, 1021000, 419100, 689100, 5260300, 5235300, 791100, 5539300, 5086300, 5240200, 844000, 825100, 5529300, 5072300, 5515200, 878100, 5106300, 990100, 874100, 5148200, 726100, 497000, 1032100, 850100, 337000, 669000, 5363300, 310000, 899000, 665100, 587000, 518100, 721000, 623100, 551000, 592000, 182100, 779100, 164100, 5104300, 5326300, 297000, 31100, 843000, 910100, 992000, 456100, 190100, 982100, 5517300, 815000, 5411200, 1093000, 657100, 870100, 5210300, 176100, 5065200, 294100, 5521300, 1034000, 570100, 5257200, 827000, 5535200, 77100, 862000, 5419300, 255100, 681000, 348100, 5423200, 5194300, 5416300, 5554200, 5392300, 711000, 857100, 320100, 5449200, 5348300, 5004200, 426100, 1110000, 5487200, 787000, 884000, 5216200, 5560200, 580100, 861000, 425000, 799100, 5553200, 972100, 5114200, 271000, 5000200, 243000, 172100, 5561200, 262000, 1091100, 477100, 750000, 109000, 5431300, 980100, 5237300, 5308300, 5150200, 689000, 207000, 446100, 805100, 5111200, 9000, 111100, 5534300, 536100, 5062300, 1082000, 5397200, 798100, 5308200, 553000, 5374300, 703000, 160100, 5560300, 38100, 4100, 678100, 1113100, 973000, 5558300, 5175200, 5188200, 212100, 1007000, 1104000, 467100, 5540200, 809000, 810100, 1106100, 1077100, 69100, 5143200, 776100, 5396200, 113100, 181000, 1094100, 883100, 542100, 5031200, 147100, 481000, 353000, 1050100, 219100, 4000, 576000, 393000, 248100, 5508200, 1012000, 380100, 5166300, 894100, 5398200, 510100, 798000, 5066200, 5189200, 390000, 832000, 5377200, 5022300, 311100, 1017100, 383100, 5401200, 266000, 966100, 231000, 5382300, 778000, 276100, 5320300, 529100, 496100, 5256200, 860100, 5360300, 1055100, 5250200, 609100, 553100, 5259300, 5089300, 430000, 5565200, 579100, 1065000, 424000, 622100, 157000, 847100, 80100, 5460200, 5124300, 101000, 898100, 5292300, 482100, 5553300, 1074100, 5499300, 554000, 5352200, 5039300, 2000, 667000, 376000, 5143300, 753100, 466000, 5064300, 5006200, 5174200, 744100, 937000, 5145200, 71100, 351100, 5289200, 206100, 805000, 5493200, 431000, 378100, 333100, 5118200, 103100, 462000, 5527200, 5255200, 5033200, 56100, 521100, 8100, 5555300, 42000, 331100, 5439200, 680000, 801100, 65100, 5207300, 479000, 792100, 5004300, 5171300, 318000, 681100, 619100, 955100, 903000, 72000, 5292200, 1044000, 1023100, 323000, 5353300, 558000, 544100, 265000, 5018200, 5340300, 751100, 607000, 582000, 465100, 253100, 935100, 174100, 5043300, 537100, 178000, 1127100, 88100, 661100, 5402200, 30000, 958100, 49000, 96100, 979000, 5081300, 5075300, 5206300, 84000, 5154200, 1057100, 5409300, 62000, 506000, 1107100, 5022200, 921000, 448100, 1004100, 427100, 829000, 1107000, 244000, 414000, 74100, 409000, 833100, 770000, 51000, 5113300, 908100, 5312300, 5263300, 5148300, 138100, 336100, 1081000, 5365300, 151000, 165000, 759000, 752000, 190000, 5460300, 685000, 298100, 566100, 877100, 460000, 5108300, 377100, 710000, 750100, 95100, 228100, 5116300, 522100, 5110200, 450000, 640000, 5086200, 683000, 348000, 305000, 797100, 180000, 636000, 5494300, 634100, 1072000, 5323200, 737100, 861100, 5426300, 687100, 699100, 684000, 1046100, 332000, 428100, 5498300, 141000, 5088200, 154000, 896000, 1040100, 5182200, 5231300, 5140300, 5259200, 5253300, 1043000, 629100, 365100, 496000, 5490200, 184000, 37000, 5366300, 121100, 5367200, 1102100, 5541200, 534000, 5361200, 1053000, 98100, 5307300, 425100, 5534200, 974000, 847000, 361100, 326000, 5387200, 951000, 381000, 5083300, 768000, 5346200, 1086100, 946100, 411100, 5293200, 52100, 5383200, 1122100, 5297200, 238100, 5027200, 791000, 222000, 692100, 5566300, 563100, 5265200, 5195200, 280000, 321000, 5197200, 974100, 136100, 1027100, 531100, 267000, 5087200, 5399200, 963100, 152100, 737000, 328000, 1067100, 389100, 958000, 398000, 5241200, 94000, 480100, 320000, 5321200, 5300200, 257100, 420000, 5336300, 507000, 5322300, 782100, 81000, 454000, 16100, 169000, 790000, 487000, 5350200, 67000, 187000, 108000, 5378300, 5091300, 627000, 977100, 641100, 5410200, 5252200, 317100, 775100, 5437200, 5169300, 5275200, 5171200, 250000, 5418300, 1062000, 5393300, 356000, 268000, 703100, 557000, 5173200, 717000, 428000, 76100, 359000, 41000, 5093300, 5427200, 78100, 278000, 1045000, 5193300, 5561300, 680100, 5404200, 1020100, 101100, 5425200, 79100, 5418200, 191100, 5291200, 295100, 927000, 5069300, 453000, 466100, 160000, 5015200, 5489200, 5348200, 5058300, 306100, 5330200, 5229300, 565100, 5185200, 5342200, 414100, 5020300, 5468300, 950100, 304100, 463100, 840100, 1125100, 5044300, 280100, 229100, 1005100, 849100, 539100, 727000, 364000, 5102300, 1079000, 957000, 1131000, 1063000, 231100, 34100, 628000, 5267300, 5183200, 150100, 36000, 459000, 478000, 5092200, 786000, 509100, 303100, 5362200, 5057300, 1023000, 1132000, 1085000, 5495200, 781100, 442000, 5295300, 903100, 538000, 476000, 105100, 67100, 319000, 5531300, 561100, 5281200, 5039200, 615100, 1130100, 1059000, 5152300, 1030100, 1000, 584100, 5547300, 632000, 438100, 5340200, 308000, 5214300, 948100, 822000, 1035100, 651100, 5093200, 649000, 45000, 189100, 1099100, 844100, 5268200, 5425300, 5404300, 930000, 5450200, 5074200] expected:<20000> but was:<3409>

org.apache.geode.internal.cache.wan.serial.SerialWANStatsDUnitTest > testReplicatedSerialPropagationWithGroupTransactionEventsDoesNotSendBatchesWithIncompleteTransactionsIfGatewaySenderIsStoppedWhileReceivingTrafficAndLaterStarted FAILED
    org.apache.geode.test.dunit.RMIException: While invoking org.apache.geode.internal.cache.wan.serial.SerialWANStatsDUnitTest$$Lambda$172/187709583.run in VM 2 running on Host d2642cb6ec08 with 8 VMs
        at org.apache.geode.test.dunit.VM.executeMethodOnObject(VM.java:631)
        at org.apache.geode.test.dunit.VM.invoke(VM.java:448)
        at org.apache.geode.internal.cache.wan.serial.SerialWANStatsDUnitTest.waitForBatchesToBeAppliedInTheReceiver(SerialWANStatsDUnitTest.java:541)
        at org.apache.geode.internal.cache.wan.serial.SerialWANStatsDUnitTest.checkOnlyCompleteTransactionsAreReplicatedAfterSenderStopped(SerialWANStatsDUnitTest.java:471)
        at org.apache.geode.internal.cache.wan.serial.SerialWANStatsDUnitTest.testReplicatedSerialPropagationWithGroupTransactionEventsDoesNotSendBatchesWithIncompleteTransactionsIfGatewaySenderIsStoppedWhileReceivingTrafficAndLaterStarted(SerialWANStatsDUnitTest.java:403)

        Caused by:
        org.awaitility.core.ConditionTimeoutException: Assertion condition defined as a lambda expression in org.apache.geode.internal.cache.wan.WANTestBase that uses int, intorg.apache.geode.cache.Region Expected region entries: 528 but actual entries: 527 present region keyset [178, 449, 294, 114, 139, 31, 12, 322, 40, 234, 176, 486, 376, 476, 495, 206, 503, 185, 22, 313, 67, 49, 199, 213, 403, 131, 350, 431, 95, 303, 420, 192, 227, 367, 284, 467, 257, 96, 340, 89, 255, 392, 171, 331, 27, 285, 130, 520, 241, 148, 124, 20, 75, 358, 157, 123, 55, 266, 411, 385, 117, 6, 260, 413, 164, 312, 248, 103, 110, 68, 393, 221, 468, 316, 219, 323, 179, 309, 34, 461, 447, 377, 48, 19, 13, 502, 344, 439, 83, 509, 281, 454, 233, 330, 267, 41, 193, 207, 62, 421, 402, 274, 165, 364, 282, 150, 475, 391, 398, 129, 357, 337, 247, 136, 514, 5, 489, 384, 295, 412, 69, 405, 482, 143, 288, 521, 111, 97, 351, 125, 446, 430, 302, 28, 33, 378, 74, 474, 329, 18, 61, 510, 496, 47, 419, 84, 173, 426, 42, 469, 25, 296, 488, 116, 246, 56, 440, 220, 343, 218, 88, 433, 455, 315, 180, 268, 371, 310, 513, 460, 191, 273, 287, 102, 163, 81, 0, 365, 262, 142, 338, 253, 70, 404, 225, 201, 370, 324, 269, 170, 390, 7, 497, 46, 98, 379, 483, 91, 259, 228, 128, 522, 301, 198, 480, 335, 137, 418, 473, 73, 181, 432, 119, 297, 145, 501, 356, 290, 126, 200, 172, 235, 108, 245, 307, 328, 226, 53, 151, 101, 346, 325, 254, 308, 99, 352, 300, 452, 380, 373, 162, 491, 417, 8, 507, 318, 127, 90, 463, 26, 118, 526, 445, 279, 208, 261, 36, 444, 272, 190, 45, 327, 63, 453, 152, 289, 100, 35, 481, 299, 381, 500, 389, 236, 109, 270, 336, 508, 523, 298, 427, 153, 144, 516, 17, 54, 82, 424, 353, 396, 472, 462, 434, 72, 134, 209, 499, 9, 450, 280, 86, 189, 161, 175, 203, 515, 416, 135, 196, 326, 443, 217, 44, 271, 2, 492, 345, 51, 58, 182, 399, 237, 457, 372, 397, 478, 490, 168, 485, 317, 37, 406, 230, 140, 354, 10, 133, 368, 92, 188, 464, 78, 43, 425, 30, 64, 16, 52, 23, 435, 244, 388, 154, 224, 71, 375, 251, 382, 471, 147, 363, 210, 484, 334, 442, 451, 85, 38, 498, 256, 341, 169, 505, 407, 197, 202, 57, 263, 465, 216, 120, 29, 160, 215, 238, 15, 1, 524, 229, 243, 348, 80, 211, 493, 107, 24, 518, 106, 183, 222, 362, 93, 456, 132, 194, 415, 401, 252, 277, 525, 65, 369, 121, 174, 394, 355, 291, 278, 387, 479, 383, 306, 320, 292, 187, 166, 470, 79, 249, 319, 504, 184, 141, 105, 409, 264, 232, 506, 77, 155, 374, 239, 177, 333, 408, 305, 21, 14, 429, 60, 242, 112, 511, 436, 422, 361, 159, 231, 441, 66, 342, 39, 32, 459, 487, 347, 359, 4, 3, 494, 122, 276, 265, 517, 466, 519, 283, 212, 94, 146, 349, 400, 286, 205, 448, 321, 214, 395, 293, 314, 512, 11, 386, 414, 186, 410, 250, 158, 204, 138, 477, 339, 275, 156, 438, 104, 76, 59, 428, 437, 360, 458, 240, 195, 366, 332, 304, 258, 87, 167, 149, 50, 423, 311, 113, 223, 115] expected:<528> but was:<527> within 5 minutes.
            at org.awaitility.core.ConditionAwaiter.await(ConditionAwaiter.java:165)
            at org.awaitility.core.AssertionCondition.await(AssertionCondition.java:119)
            at org.awaitility.core.AssertionCondition.await(AssertionCondition.java:31)
            at org.awaitility.core.ConditionFactory.until(ConditionFactory.java:895)
            at org.awaitility.core.ConditionFactory.untilAsserted(ConditionFactory.java:679)
            at org.apache.geode.internal.cache.wan.WANTestBase.validateRegionSize(WANTestBase.java:2920)
            at org.apache.geode.internal.cache.wan.serial.SerialWANStatsDUnitTest.lambda$waitForBatchesToBeAppliedInTheReceiver$f4cb6e02$1(SerialWANStatsDUnitTest.java:542)

            Caused by:
            java.lang.AssertionError: Expected region entries: 528 but actual entries: 527 present region keyset [178, 449, 294, 114, 139, 31, 12, 322, 40, 234, 176, 486, 376, 476, 495, 206, 503, 185, 22, 313, 67, 49, 199, 213, 403, 131, 350, 431, 95, 303, 420, 192, 227, 367, 284, 467, 257, 96, 340, 89, 255, 392, 171, 331, 27, 285, 130, 520, 241, 148, 124, 20, 75, 358, 157, 123, 55, 266, 411, 385, 117, 6, 260, 413, 164, 312, 248, 103, 110, 68, 393, 221, 468, 316, 219, 323, 179, 309, 34, 461, 447, 377, 48, 19, 13, 502, 344, 439, 83, 509, 281, 454, 233, 330, 267, 41, 193, 207, 62, 421, 402, 274, 165, 364, 282, 150, 475, 391, 398, 129, 357, 337, 247, 136, 514, 5, 489, 384, 295, 412, 69, 405, 482, 143, 288, 521, 111, 97, 351, 125, 446, 430, 302, 28, 33, 378, 74, 474, 329, 18, 61, 510, 496, 47, 419, 84, 173, 426, 42, 469, 25, 296, 488, 116, 246, 56, 440, 220, 343, 218, 88, 433, 455, 315, 180, 268, 371, 310, 513, 460, 191, 273, 287, 102, 163, 81, 0, 365, 262, 142, 338, 253, 70, 404, 225, 201, 370, 324, 269, 170, 390, 7, 497, 46, 98, 379, 483, 91, 259, 228, 128, 522, 301, 198, 480, 335, 137, 418, 473, 73, 181, 432, 119, 297, 145, 501, 356, 290, 126, 200, 172, 235, 108, 245, 307, 328, 226, 53, 151, 101, 346, 325, 254, 308, 99, 352, 300, 452, 380, 373, 162, 491, 417, 8, 507, 318, 127, 90, 463, 26, 118, 526, 445, 279, 208, 261, 36, 444, 272, 190, 45, 327, 63, 453, 152, 289, 100, 35, 481, 299, 381, 500, 389, 236, 109, 270, 336, 508, 523, 298, 427, 153, 144, 516, 17, 54, 82, 424, 353, 396, 472, 462, 434, 72, 134, 209, 499, 9, 450, 280, 86, 189, 161, 175, 203, 515, 416, 135, 196, 326, 443, 217, 44, 271, 2, 492, 345, 51, 58, 182, 399, 237, 457, 372, 397, 478, 490, 168, 485, 317, 37, 406, 230, 140, 354, 10, 133, 368, 92, 188, 464, 78, 43, 425, 30, 64, 16, 52, 23, 435, 244, 388, 154, 224, 71, 375, 251, 382, 471, 147, 363, 210, 484, 334, 442, 451, 85, 38, 498, 256, 341, 169, 505, 407, 197, 202, 57, 263, 465, 216, 120, 29, 160, 215, 238, 15, 1, 524, 229, 243, 348, 80, 211, 493, 107, 24, 518, 106, 183, 222, 362, 93, 456, 132, 194, 415, 401, 252, 277, 525, 65, 369, 121, 174, 394, 355, 291, 278, 387, 479, 383, 306, 320, 292, 187, 166, 470, 79, 249, 319, 504, 184, 141, 105, 409, 264, 232, 506, 77, 155, 374, 239, 177, 333, 408, 305, 21, 14, 429, 60, 242, 112, 511, 436, 422, 361, 159, 231, 441, 66, 342, 39, 32, 459, 487, 347, 359, 4, 3, 494, 122, 276, 265, 517, 466, 519, 283, 212, 94, 146, 349, 400, 286, 205, 448, 321, 214, 395, 293, 314, 512, 11, 386, 414, 186, 410, 250, 158, 204, 138, 477, 339, 275, 156, 438, 104, 76, 59, 428, 437, 360, 458, 240, 195, 366, 332, 304, 258, 87, 167, 149, 50, 423, 311, 113, 223, 115] expected:<528> but was:<527>
{code}


This is a WAN test and I notice that [~mkevo] merged this WAN-related PR a few days ago. CI looked good on that PR but perhaps these tests are flaky now?

https://github.com/apache/geode/pull/6008

